{
	"BoneNames": [
		"root",
		"attach",
		"pelvis",
		"spine_01",
		"spine_02",
		"spine_03",
		"spine_04",
		"spine_05",
		"clavicle_l",
		"upperarm_l",
		"lowerarm_l",
		"hand_l",
		"index_metacarpal_l",
		"index_01_l",
		"index_02_l",
		"index_03_l",
		"middle_metacarpal_l",
		"middle_01_l",
		"middle_02_l",
		"middle_03_l",
		"pinky_metacarpal_l",
		"pinky_01_l",
		"pinky_02_l",
		"pinky_03_l",
		"ring_metacarpal_l",
		"ring_01_l",
		"ring_02_l",
		"ring_03_l",
		"thumb_01_l",
		"thumb_02_l",
		"thumb_03_l",
		"weapon_l",
		"hand_attach_l",
		"lowerarm_twist_01_l",
		"lowerarm_twist_02_l",
		"upperarm_twist_01_l",
		"upperarm_twist_02_l",
		"clavicle_r",
		"upperarm_r",
		"lowerarm_r",
		"hand_r",
		"index_metacarpal_r",
		"index_01_r",
		"index_02_r",
		"index_03_r",
		"middle_metacarpal_r",
		"middle_01_r",
		"middle_02_r",
		"middle_03_r",
		"pinky_metacarpal_r",
		"pinky_01_r",
		"pinky_02_r",
		"pinky_03_r",
		"ring_metacarpal_r",
		"ring_01_r",
		"ring_02_r",
		"ring_03_r",
		"thumb_01_r",
		"thumb_02_r",
		"thumb_03_r",
		"weapon_r",
		"hand_attach_r",
		"lowerarm_twist_01_r",
		"lowerarm_twist_02_r",
		"upperarm_twist_01_r",
		"upperarm_twist_02_r",
		"neck_01",
		"neck_02",
		"head",
		"attach_backpack",
		"attach_cape",
		"thigh_l",
		"calf_l",
		"calf_twist_01_l",
		"calf_twist_02_l",
		"foot_l",
		"ball_l",
		"thigh_twist_01_l",
		"thigh_r",
		"calf_r",
		"calf_twist_01_r",
		"calf_twist_02_r",
		"foot_r",
		"ball_r",
		"thigh_twist_01_r",
		"ik_foot_root",
		"ik_foot_l",
		"ik_foot_r",
		"ik_hand_root",
		"ik_hand_gun",
		"ik_hand_l",
		"ik_hand_r",
		"camera_root",
		"camera",
		"attach_fp",
		"attach_emote_01",
		"attach_emote_02",
		"attach_emote_03",
		"warp_point_01",
		"warp_point_02",
		"warp_point_03"
	],
	"ParentIndices": [ -1, 0, 0, 2, 3, 4, 5, 6, 7, 8, 9, 10, 11, 12, 13, 14, 11, 16, 17, 18, 11, 20, 21, 22, 11, 24, 25, 26, 11, 28, 29, 11, 11, 10, 10, 9, 9, 7, 37, 38, 39, 40, 41, 42, 43, 40, 45, 46, 47, 40, 49, 50, 51, 40, 53, 54, 55, 40, 57, 58, 40, 40, 39, 39, 38, 38, 7, 66, 67, 7, 7, 2, 71, 72, 72, 72, 75, 71, 2, 78, 79, 79, 79, 82, 78, 0, 85, 85, 0, 88, 89, 89, 0, 92, 0, 0, 0, 0, 0, 0, 0 ],
	"BoneTransforms": [
		[
			[ 1, 0, 0, 0 ],
			[ 0, 1, 0, 0 ],
			[ 0, 0, 1, 0 ],
			[ 0, 0, 0, 1 ]
		],
		[
			[ 1, -0, 0, 0 ],
			[ 0, 1, -0, 0 ],
			[ 0, 0, 1, 0 ],
			[ 0, -0, 0, 1 ]
		],
		[
			[ 0, 0.035822310504033755, 0.9993581750654531, 0 ],
			[ 0, 0.99935817506545299, -0.035822310504033755, 0 ],
			[ -1, 0, 0, 0 ],
			[ 1.2400539477913381e-14, -0.70713096857070923, 93.119132995605469, 1 ]
		],
		[
			[ 0.99768324299909861, -0.068030483158665792, -2.0327804974272142e-17, 0 ],
			[ 0.068030483158665792, 0.99768324299909861, 3.9829321620665021e-18, 0 ],
			[ 2.0009749590411467e-17, -5.356615070050783e-18, 1, 0 ],
			[ 6.7493672370910645, -0.63877421617507935, -5.3054370792449124e-13, 1 ]
		],
		[
			[ 0.99887116238092921, -0.047501589065749347, 4.5556891357096519e-22, 0 ],
			[ 0.047501589065749347, 0.99887116238092921, 1.186033890556805e-22, 0 ],
			[ -4.6068849969197527e-22, -9.6829257764787283e-23, 1, 0 ],
			[ 7.2517576217651367, -0.034980647265911102, -1.5774201606380545e-12, 1 ]
		],
		[
			[ 0.99955742153758431, -0.029748294894596822, -1.3699196958636056e-21, 0 ],
			[ 0.029748294894596822, 0.99955742153758431, 1.0832454931413064e-22, 0 ],
			[ 1.3660909282736564e-21, -1.4902938229612022e-22, 1, 0 ],
			[ 6.0104293823242188, -9.7699626167013776e-15, 2.1044769659556151e-12, 1 ]
		],
		[
			[ 0.99965376010813256, 0.02631273269107922, -2.6124186631210748e-22, 0 ],
			[ -0.02631273269107922, 0.99965376010813256, 1.386416215379932e-22, 0 ],
			[ 2.6479945388395128e-22, -1.3171963088195445e-22, 1, 0 ],
			[ 8.1023588180541992, -2.6645352591003757e-14, -2.8308087211131872e-12, 1 ]
		],
		[
			[ 0.9999955355001845, 0.0029881398393000018, 1.2004874806842658e-21, 0 ],
			[ -0.0029881398393000018, 0.9999955355001845, 9.6149849087324195e-23, 0 ],
			[ -1.2001948119135292e-21, -9.9736644293954228e-23, 1, 0 ],
			[ 10.014616966247559, 3.4638958368304884e-14, 4.9484474677619072e-12, 1 ]
		],
		[
			[ -0.062842154902849279, -0.055475909352273173, -0.99648044990792706, 0 ],
			[ -0.080033578145770057, 0.9955184453548569, -0.050375106227517424, 0 ],
			[ 0.9948092731455368, 0.076586215729641055, -0.067000459877986529, 0 ],
			[ 4.3574581146240234, -0.14657211303710938, -2.3223209381103516, 1 ]
		],
		[
			[ 0.42539029261311767, -0.022956415414158667, -0.90471879716399117, 0 ],
			[ -0.042353020337373697, 0.9980779660426975, -0.045239312200496484, 0 ],
			[ 0.90401842935795762, 0.057561937870476171, 0.42360040449669945, 0 ],
			[ 15.511094093322754, -1.1071263905648721e-09, 1.0800960126289283e-08, 1 ]
		],
		[
			[ 0.87949732324339625, 0.47435866916673675, -0.038318551565310992, 0 ],
			[ -0.47590383315088036, 0.87664177207248306, -0.070814864611292216, 0 ],
			[ -1.9867701581133268e-09, 0.08051742944219617, 0.9967532009258967, 0 ],
			[ 26.651357650756836, -1.1191717774750032e-08, 1.3533792753150919e-08, 1 ]
		],
		[
			[ 0.97583697505793188, -0.064288332156777622, -0.20882817927254252, 0 ],
			[ 0.20783481333216627, -0.021844632031450484, 0.97791998773856481, 0 ],
			[ -0.06743061972849515, -0.99769224834109582, -0.0079554461295840984, 0 ],
			[ 22.349145889282227, -1.312141506559783e-09, -8.0245996514349827e-09, 1 ]
		],
		[
			[ 0.99909338446697094, 0.034261381855807675, -0.025269879850603964, 0 ],
			[ -0.035040994205733526, 0.99890240385543994, -0.031082411375201291, 0 ],
			[ 0.024177217362781375, 0.031939713291669128, 0.99919733630321428, 0 ],
			[ 1.6535022258758545, 0.018275374546647072, -2.9600234031677246, 1 ]
		],
		[
			[ 0.97822077908404603, -0.18425410864516081, 0.095574739421979249, 0 ],
			[ 0.18340667887401388, 0.98287860678078487, 0.017653171869885607, 0 ],
			[ -0.097191036174157114, 0.0002603460017704326, 0.99526571060564173, 0 ],
			[ 8.3008155822753906, 0.035741653293371201, -0.052417989820241928, 1 ]
		],
		[
			[ 0.79194028545905826, -0.61058634456407057, 0.0038600646253019273, 0 ],
			[ 0.61056397163527543, 0.7919468926927028, 0.0056352191910560463, 0 ],
			[ -0.0064977540722850934, -0.0021059407063961132, 0.99997667183077688, 0 ],
			[ 3.358738899230957, -0.30035683512687683, 0.045198772102594376, 1 ]
		],
		[
			[ 0.86899920780443485, -0.494650270213981, 0.012707754030521254, 0 ],
			[ 0.49462198855310402, 0.86909081305407443, 0.0054997367919531869, 0 ],
			[ -0.013764638572722327, 0.0015062676532799231, 0.99990412834567244, 0 ],
			[ 2.5577414035797119, -0.1233098953962326, -0.025179853662848473, 1 ]
		],
		[
			[ 0.99727659949563952, 0.065866155124206877, 0.033181827972064079, 0 ],
			[ -0.065464387177184724, 0.99776952189593382, -0.013053550745885345, 0 ],
			[ -0.033967603829669693, 0.010845772665590366, 0.99936408335769045, 0 ],
			[ 2.1856157779693604, -0.17252781987190247, -0.59837555885314941, 1 ]
		],
		[
			[ 0.98524455174682501, -0.17108562508326439, 0.0047835283072720537, 0 ],
			[ 0.17073601772770444, 0.98441176065467451, 0.04222200534376435, 0 ],
			[ -0.011932539699610008, -0.040782280154897786, 0.99909680217768926, 0 ],
			[ 7.3275103569030762, -0.24473969638347626, 0.012927662581205368, 1 ]
		],
		[
			[ 0.7534604265301158, -0.6574932590171978, 5.5511151231257827e-17, 0 ],
			[ 0.6574932590171978, 0.7534604265301158, 0, 0 ],
			[ -4.1825455683881279e-17, 3.6498207734836241e-17, 1, 0 ],
			[ 4.0130505561828613, 0.07220892608165741, 0.0029444759711623192, 1 ]
		],
		[
			[ 0.94173900628597118, -0.33634453175205853, -8.3266726846886753e-17, 0 ],
			[ 0.33634453175205853, 0.94173900628597118, 2.7755575615628914e-17, 0 ],
			[ 6.9080088513524968e-17, -5.4144816451000192e-17, 1, 0 ],
			[ 2.6078732013702393, 0.115216463804245, 0.0048802075907588005, 1 ]
		],
		[
			[ 0.97725257972065649, 0.13056170663876379, 0.16712580946369543, 0 ],
			[ -0.1434760171346692, 0.98733994511509249, 0.067634793466811616, 0 ],
			[ -0.15617947348001321, -0.090074821896574064, 0.98361298208381043, 0 ],
			[ 1.7615941762924194, -0.97530323266983032, 3.3813951015472412, 1 ]
		],
		[
			[ 0.89942355827984077, -0.43558172799477302, -0.036136146008082605, 0 ],
			[ 0.43649666206372661, 0.89088884148315794, 0.12564925836638044, 0 ],
			[ -0.022537231827682729, -0.12878521016748848, 0.99141638216425554, 0 ],
			[ 7.1709384918212891, -0.4830799400806427, -0.10935745388269424, 1 ]
		],
		[
			[ 0.83707426043263078, -0.54707284653043864, 0.0042406497435405711, 0 ],
			[ 0.54708928203828333, 0.83704911327330411, -0.0064884086809520024, 0 ],
			[ 9.900792165284944e-11, 0.0077512939215619997, 0.999969958270018, 0 ],
			[ 2.8274364471435547, 0.08925434947013855, -0.10433388501405716, 1 ]
		],
		[
			[ 0.95805645167566988, -0.28592285886861502, 0.019389537875431805, 0 ],
			[ 0.28591510380234764, 0.95824950833248357, 0.0032300461678229134, 0 ],
			[ -0.019503559170508136, 0.0024491951640406187, 0.99980678764585862, 0 ],
			[ 2.2046260833740234, 0.030746951699256897, -0.0077916234731674194, 1 ]
		],
		[
			[ 0.98538114985103631, 0.087171266331751304, 0.14637335769998724, 0 ],
			[ -0.09537158015421153, 0.99418724158569061, 0.049959887581184213, 0 ],
			[ -0.14116745806714218, -0.06318938988750121, 0.98796702869504049, 0 ],
			[ 2.2073652744293213, -0.36250296235084534, 1.3638228178024292, 1 ]
		],
		[
			[ 0.92711493052349159, -0.36857671265723507, -0.067890444741564152, 0 ],
			[ 0.3735033779311358, 0.92359999345733601, 0.08636132675937791, 0 ],
			[ 0.030872840401435477, -0.10542418589865854, 0.99394799096992625, 0 ],
			[ 7.0294947624206543, -0.61968767642974854, -0.14460214972496033, 1 ]
		],
		[
			[ 0.84249285498291604, -0.5387075173995024, 5.5511146931876179e-17, 0 ],
			[ 0.5387075173995024, 0.84249285498291604, 5.5511148250582334e-17, 0 ],
			[ -7.667201752407944e-17, -1.6863473621343003e-17, 1, 0 ],
			[ 3.6173937320709229, 0.46465986967086792, -0.10267119109630585, 1 ]
		],
		[
			[ 0.97172013870259055, -0.23613549508665191, 5.5511154993551866e-17, 0 ],
			[ 0.23613549508665191, 0.97172013870259055, 1.1102230582891274e-16, 0 ],
			[ -8.0157614382447195e-17, -9.4774456351918286e-17, 1, 0 ],
			[ 2.4152092933654785, 0.11404619365930557, 0.019885707646608353, 1 ]
		],
		[
			[ 0.66443770109461475, -0.61349301578038451, -0.42678901222125248, 0 ],
			[ -0.44481932660150425, 0.13425898497207622, -0.88550002350991075, 0 ],
			[ 0.60054833947475683, 0.7782036009573311, -0.18368681882801385, 0 ],
			[ 1.311805248260498, -0.31910982728004456, -2.4590120315551758, 1 ]
		],
		[
			[ 0.82145532910864882, -0.56897383839725968, 0.038469643857078059, 0 ],
			[ 0.56865762876431469, 0.82233638457364311, 0.019783120443856699, 0 ],
			[ -0.042891065819681676, 0.0056251067401693429, 0.99906391919987458, 0 ],
			[ 5.9336414337158203, -0.044835370033979416, 0.040112201124429703, 1 ]
		],
		[
			[ 0.99957818424839862, -0.013408554131023391, -0.025761681831545459, 0 ],
			[ 0.012796294591445921, 0.99963517574105554, -0.023785925794004879, 0 ],
			[ 0.026071218218627526, 0.023446238445950989, 0.99938509368677919, 0 ],
			[ 2.2223105430603027, 0.36821988224983215, -0.090700536966323853, 1 ]
		],
		[
			[ 1, 2.7755575615628914e-17, 0, 0 ],
			[ -2.7755575615628914e-17, 1, -1.3877787807814457e-17, 0 ],
			[ -3.8518598887744717e-34, 1.3877787807814457e-17, 1, 0 ],
			[ -0.1974141001701355, -3.4110541343688965, 0.38108021020889282, 1 ]
		],
		[
			[ -2.2204460492503131e-16, 1.0000000000000002, -2.0816685806056906e-17, 0 ],
			[ 1.0000000000000002, -2.2204460492503131e-16, 1.2246468259146955e-16, 0 ],
			[ 1.2246468259146955e-16, -2.0816685806056906e-17, -1.0000000000000004, 0 ],
			[ 8.5, -3, 7.1054273576010019e-15, 1 ]
		],
		[
			[ 1, -2.7755575615628914e-16, 1.1102230246251565e-16, 0 ],
			[ 2.7755575615628914e-16, 1, -5.5511151231257815e-17, 0 ],
			[ -1.1102230246251564e-16, 5.5511151231257839e-17, 1, 0 ],
			[ 17.854869842529297, -3.5527136788005009e-15, -4.2632564145606011e-14, 1 ]
		],
		[
			[ 1, -2.7755575615628914e-16, 1.1102230246251565e-16, 0 ],
			[ 2.7755575615628914e-16, 1, -5.5511151231257815e-17, 0 ],
			[ -1.1102230246251564e-16, 5.5511151231257839e-17, 1, 0 ],
			[ 9.6198787689208984, -0, -2.8421709430404007e-14, 1 ]
		],
		[
			[ 1, 0, -5.5511151231257827e-17, 0 ],
			[ -9.6296497219361793e-35, 1, -1.7347234759768071e-18, 0 ],
			[ 5.5511151231257827e-17, 1.7347234759768071e-18, 1, 0 ],
			[ 0.0040960377082228661, -1.9956480912242114e-10, -5.2129820460322662e-09, 1 ]
		],
		[
			[ 1, 0, -5.5511151231257827e-17, 0 ],
			[ -9.6296497219361793e-35, 1, -1.7347234759768071e-18, 0 ],
			[ 5.5511151231257827e-17, 1.7347234759768071e-18, 1, 0 ],
			[ 13.794109344482422, -5.695000027117203e-12, -1.4733814168721437e-10, 1 ]
		],
		[
			[ 0.062842154902849279, 0.055475909352273173, -0.99648044990792706, 0 ],
			[ 0.080033578145770057, -0.99551844535485712, -0.050375106227517424, 0 ],
			[ -0.9948092731455368, -0.076586215729641055, -0.067000459877986529, 0 ],
			[ 4.3575472831726074, -0.14655910432338715, 2.3223280906677246, 1 ]
		],
		[
			[ 0.42539029261311767, -0.022956415414158667, -0.90471879716399117, 0 ],
			[ -0.042353020337373697, 0.9980779660426975, -0.045239312200496484, 0 ],
			[ 0.90401842935795762, 0.057561937870476171, 0.42360040449669945, 0 ],
			[ -15.511081695556641, -1.0484334779903293e-05, -1.3447761375573464e-05, 1 ]
		],
		[
			[ 0.87949732324339625, 0.47435866916673675, -0.038318551565310992, 0 ],
			[ -0.47590383315088036, 0.87664177207248306, -0.070814864611292216, 0 ],
			[ -1.9867701581133268e-09, 0.08051742944219617, 0.9967532009258967, 0 ],
			[ -26.651451110839844, 1.6981181261144229e-06, 1.6245090819211327e-06, 1 ]
		],
		[
			[ 0.97583697505793188, -0.064288332156777622, -0.20882817927254252, 0 ],
			[ 0.20783481333216627, -0.021844632031450484, 0.97791998773856481, 0 ],
			[ -0.06743061972849515, -0.99769224834109582, -0.0079554461295840984, 0 ],
			[ -22.3492431640625, 9.9529506769613363e-06, 1.399977281835163e-05, 1 ]
		],
		[
			[ 0.99909338446697094, 0.034261381855807675, -0.025269879850603964, 0 ],
			[ -0.035040994205733526, 0.99890240385543994, -0.031082411375201291, 0 ],
			[ 0.024177217362781375, 0.031939713291669128, 0.99919733630321428, 0 ],
			[ -1.6533819437026978, -0.018066313117742538, 2.9600632190704346, 1 ]
		],
		[
			[ 0.97822077908404603, -0.18425410864516081, 0.095574739421979249, 0 ],
			[ 0.18340667887401388, 0.98287860678078487, 0.017653171869885607, 0 ],
			[ -0.097191036174157114, 0.0002603460017704326, 0.99526571060564173, 0 ],
			[ -8.3007984161376953, -0.035731777548789978, 0.052425213158130646, 1 ]
		],
		[
			[ 0.79194028545905826, -0.61058634456407057, 0.0038600646253019273, 0 ],
			[ 0.61056397163527543, 0.7919468926927028, 0.0056352191910560463, 0 ],
			[ -0.0064977540722850934, -0.0021059407063961132, 0.99997667183077688, 0 ],
			[ -3.3588688373565674, 0.30031785368919373, -0.04525960236787796, 1 ]
		],
		[
			[ 0.86900993958959472, -0.49465067995130862, 0.011934392242470129, 0 ],
			[ 0.49459719367557231, 0.86909177902791401, 0.0072866751227175603, 0 ],
			[ -0.013976440989661824, -0.00042947619685254623, 0.99990223254449173, 0 ],
			[ -2.5577914714813232, 0.12310457974672318, 0.025138631463050842, 1 ]
		],
		[
			[ 0.99727659949563952, 0.065866155124206877, 0.033181827972064079, 0 ],
			[ -0.065464387177184724, 0.99776952189593382, -0.013053550745885345, 0 ],
			[ -0.033967603829669693, 0.010845772665590366, 0.99936408335769045, 0 ],
			[ -2.1856482028961182, 0.17263749241828918, 0.59837698936462402, 1 ]
		],
		[
			[ 0.98524455174682501, -0.17108562508326439, 0.0047835283072720537, 0 ],
			[ 0.17073601772770444, 0.98441176065467451, 0.04222200534376435, 0 ],
			[ -0.011932539699610008, -0.040782280154897786, 0.99909680217768926, 0 ],
			[ -7.3273324966430664, 0.2447044849395752, -0.01291519682854414, 1 ]
		],
		[
			[ 0.75192761663544738, -0.65841045289216749, 0.033174310290743934, 0 ],
			[ 0.65616386171146934, 0.75232440043219384, 0.058796114652516968, 0 ],
			[ -0.063669819575898984, -0.022442638808102527, 0.99771863871459343, 0 ],
			[ -4.0141940116882324, -0.14108100533485413, -0.069962047040462494, 1 ]
		],
		[
			[ 0.9409437288016248, -0.33621474598906886, 0.039806328748080086, 0 ],
			[ 0.33683779447540962, 0.9415101875378572, -0.009943187384874267, 0 ],
			[ -0.034135017823871266, 0.022764255795763255, 0.99915794007565639, 0 ],
			[ -2.6074190139770508, -0.053388021886348724, -0.13119538128376007, 1 ]
		],
		[
			[ 0.97725257972065649, 0.13056170663876379, 0.16712580946369543, 0 ],
			[ -0.1434760171346692, 0.98733994511509249, 0.067634793466811616, 0 ],
			[ -0.15617947348001321, -0.090074821896574064, 0.98361298208381043, 0 ],
			[ -1.7617155313491821, 0.97530466318130493, -3.3814103603363037, 1 ]
		],
		[
			[ 0.89942355827984077, -0.43558172799477302, -0.036136146008082605, 0 ],
			[ 0.43649666206372661, 0.89088884148315794, 0.12564925836638044, 0 ],
			[ -0.022537231827682729, -0.12878521016748848, 0.99141638216425554, 0 ],
			[ -7.1707215309143066, 0.4832226037979126, 0.10937636345624924, 1 ]
		],
		[
			[ 0.83707426043263078, -0.54707284653043864, 0.0042406497435405711, 0 ],
			[ 0.54708928203828333, 0.83704911327330411, -0.0064884086809520024, 0 ],
			[ 9.900792165284944e-11, 0.0077512939215619997, 0.999969958270018, 0 ],
			[ -2.8274424076080322, -0.089165665209293365, 0.10433068871498108, 1 ]
		],
		[
			[ 0.95805645174713783, -0.28592285862754369, 0.019389537899025658, 0 ],
			[ 0.28591510406724868, 0.95824950834087219, 0.0032300202307354044, 0 ],
			[ -0.01950355177649471, 0.0024492200248859507, 0.99980678772919485, 0 ],
			[ -2.204491138458252, -0.031022658571600914, 0.0077663580887019634, 1 ]
		],
		[
			[ 0.98538114985103631, 0.087171266331751304, 0.14637335769998724, 0 ],
			[ -0.09537158015421153, 0.99418724158569061, 0.049959887581184213, 0 ],
			[ -0.14116745806714218, -0.06318938988750121, 0.98796702869504049, 0 ],
			[ -2.2072646617889404, 0.36266356706619263, -1.3638032674789429, 1 ]
		],
		[
			[ 0.92711493052349159, -0.36857671265723507, -0.067890444741564152, 0 ],
			[ 0.3735033779311358, 0.92359999345733601, 0.08636132675937791, 0 ],
			[ 0.030872840401435477, -0.10542418589865854, 0.99394799096992625, 0 ],
			[ -7.0296754837036133, 0.61972659826278687, 0.14462903141975403, 1 ]
		],
		[
			[ 0.84249285498291604, -0.5387075173995024, 1.6653344449615776e-16, 0 ],
			[ 0.5387075173995024, 0.84249285498291604, 2.7755574650056294e-17, 0 ],
			[ -1.5525537381743533e-16, 6.6328945119895594e-17, 1, 0 ],
			[ -3.6171486377716064, -0.46475595235824585, 0.10265319049358368, 1 ]
		],
		[
			[ 0.97172013870259055, -0.23613549508665191, 5.5511151297649335e-17, 0 ],
			[ 0.23613549508665191, 0.97172013870259055, 5.551115415502932e-17, 0 ],
			[ -6.7049457507721604e-17, -4.0833153220565508e-17, 1, 0 ],
			[ -2.4152560234069824, -0.11413591355085373, -0.019884107634425163, 1 ]
		],
		[
			[ 0.66443770109461475, -0.61349301578038451, -0.42678901222125248, 0 ],
			[ -0.44481932660150425, 0.13425898497207622, -0.88550002350991075, 0 ],
			[ 0.60054833947475683, 0.7782036009573311, -0.18368681882801385, 0 ],
			[ -1.3118683099746704, 0.31924921274185181, 2.4589753150939941, 1 ]
		],
		[
			[ 0.82145532894490536, -0.56897383781147126, 0.03846965601747538, 0 ],
			[ 0.56865762938159325, 0.82233638478288729, 0.019783094002649586, 0 ],
			[ -0.042891060771724589, 0.0056251354025283968, 0.99906391925520932, 0 ],
			[ -5.9335498809814453, 0.044743400067090988, -0.04006798192858696, 1 ]
		],
		[
			[ 0.99957818424825018, -0.013408553749489894, -0.025761682035888328, 0 ],
			[ 0.012796294982202701, 0.9996351764448641, -0.023785896005275142, 0 ],
			[ 0.026071218032528223, 0.023446208657101696, 0.99938509439049972, 0 ],
			[ -2.22231125831604, -0.36821767687797546, 0.090703770518302917, 1 ]
		],
		[
			[ 0.99999999999999967, -2.4258719477643353e-08, -5.5511150810436125e-17, 0 ],
			[ 2.4258719477643353e-08, 0.99999999999999967, -3.4694470192850865e-17, 0 ],
			[ 5.5511151652079523e-17, 3.4694468846221419e-17, 1, 0 ],
			[ 0.19749017059803009, 3.4111530780792236, -0.3810674250125885, 1 ]
		],
		[
			[ -2.2204460492503131e-16, 1.0000000000000002, -5.5511151231257827e-17, 0 ],
			[ -1.0000000000000002, -2.2204460492503131e-16, 5.5511151231257852e-17, 0 ],
			[ 5.5511151231257852e-17, 5.5511151231257827e-17, 1, 0 ],
			[ -8.5, 3, 1.0658141036401503e-14, 1 ]
		],
		[
			[ 1, 2.7755575615628918e-16, -3.3306690738754691e-16, 0 ],
			[ -2.7755575615628909e-16, 1, 2.2204460492503136e-16, 0 ],
			[ 3.3306690738754701e-16, -2.2204460492503126e-16, 1, 0 ],
			[ -17.854955673217773, -1.0658141036401503e-14, 1.4210854715202004e-14, 1 ]
		],
		[
			[ 1, 2.7755575615628918e-16, -3.3306690738754691e-16, 0 ],
			[ -2.7755575615628909e-16, 1, 2.2204460492503136e-16, 0 ],
			[ 3.3306690738754701e-16, -2.2204460492503126e-16, 1, 0 ],
			[ -9.6199216842651367, -3.5527136788005009e-15, 4.2632564145606011e-14, 1 ]
		],
		[
			[ 1, -6.9388939039072284e-18, 0, 0 ],
			[ 6.9388939039072284e-18, 1, 5.2041704279304213e-18, 0 ],
			[ -3.6111186457260672e-35, -5.2041704279304213e-18, 1, 0 ],
			[ -0.0041016456671059132, 6.9901432198093971e-07, 1.9278754734841641e-06, 1 ]
		],
		[
			[ 1, -6.9388939039072284e-18, 0, 0 ],
			[ 6.9388939039072284e-18, 1, 5.2041704279304213e-18, 0 ],
			[ -3.6111186457260672e-35, -5.2041704279304213e-18, 1, 0 ],
			[ -13.794158935546875, 6.988204290792055e-07, 1.9228098153689643e-06, 1 ]
		],
		[
			[ 0.91977854098786849, 0.39243781104555669, 4.7461232997125589e-22, 0 ],
			[ -0.39243781104555669, 0.91977854098786849, -2.5546824168234081e-22, 0 ],
			[ -5.3679363395328958e-22, 4.8718382734168527e-23, 1, 0 ],
			[ 11.313824653625488, 0.15286180377006531, -2.3156801996770948e-12, 1 ]
		],
		[
			[ 0.99491357662992619, -0.10073219464226869, 2.1316525384266821e-21, 0 ],
			[ 0.10073219464226869, 0.99491357662992619, -4.8765677828263781e-22, 0 ],
			[ -2.0716873136297635e-21, 6.9990238785948889e-22, 1, 0 ],
			[ 4.562678337097168, 3.5527136788005009e-13, -4.4674923211762002e-14, 1 ]
		],
		[
			[ 0.97357025393188112, -0.2283877419193347, -1.3160423863227001e-22, 0 ],
			[ 0.2283877419193347, 0.97357025393188112, 2.1619289459027918e-22, 0 ],
			[ 7.8750165009252404e-23, -2.405357661727639e-22, 1, 0 ],
			[ 5.391383171081543, -1.4072654153096664e-09, -1.164730746745779e-13, 1 ]
		],
		[
			[ 0, 0, -1, 0 ],
			[ 0.026176947775908566, 0.99965732498948723, 0, 0 ],
			[ 0.99965732498948734, -0.026176947775908566, 0, 0 ],
			[ -0.12300008535385132, -13.472999572753906, -7.2698804983763188e-14, 1 ]
		],
		[
			[ 0, 0, -1, 0 ],
			[ -0.17364817370370642, 0.98480775371103135, 0, 0 ],
			[ 0.98480775371103146, 0.17364817370370642, 0, 0 ],
			[ 9.0170001983642578, -11.71399974822998, -6.652278960973465e-14, 1 ]
		],
		[
			[ 0.99298698695577414, -0.030729283536903629, 0.11416021579255105, 0 ],
			[ 0.031012133811588606, 0.99951876152307406, -0.00070208249682184314, 0 ],
			[ -0.11408370301206637, 0.0042375106712319328, 0.99346210406354496, 0 ],
			[ -2.5693278312683105, -0.010870684869587421, -7.7500686645507812, 1 ]
		],
		[
			[ 0.9964336941672185, 0.078014266515870082, -0.032150697477051286, 0 ],
			[ -0.078055415900270861, 0.99694902147996856, -2.4875068167506519e-05, 0 ],
			[ 0.032050665779447159, 0.0025343224191218369, 0.99948303238872949, 0 ],
			[ -39.048439025878906, -1.727016973873674e-09, -6.2387783827944077e-10, 1 ]
		],
		[
			[ 0.99979321425943735, 0.007505552969533153, 0.018899613631084843, 0 ],
			[ -0.0066005410116307161, 0.99884940596217042, -0.047500495443448476, 0 ],
			[ -0.019234385332953508, 0.047365925343445164, 0.99869239885823835, 0 ],
			[ -35.813045501708984, -0.096712268888950348, 0.039711438119411469, 1 ]
		],
		[
			[ 0.99979321425943735, 0.007505552969533153, 0.018899613631084843, 0 ],
			[ -0.0066005410116307161, 0.99884940596217042, -0.047500495443448476, 0 ],
			[ -0.019234385332953508, 0.047365925343445164, 0.99869239885823835, 0 ],
			[ -18.806373596191406, -0.096712268888950348, 0.039711438119411469, 1 ]
		],
		[
			[ 0.99350801375539033, -0.07219631950423705, -0.087917677709669739, 0 ],
			[ 0.06459061192636853, 0.99415746648361469, -0.086481123292068016, 0 ],
			[ 0.093647634539247682, 0.080241032426824691, 0.99236661434183726, 0 ],
			[ -42.561031341552734, 0.10773947834968567, 0.42919012904167175, 1 ]
		],
		[
			[ 0.0023351023923385839, 0.99999725906883496, -0.00017073849729556178, 0 ],
			[ -0.99999727364461266, 0.0023351024263750242, 2.5503870255917313e-12, 0 ],
			[ 3.9869442969051407e-07, 0.00017073803179578446, 0.99999998542418267, 0 ],
			[ -6.15985107421875, 13.826414108276367, 0.68060475587844849, 1 ]
		],
		[
			[ 1, 4.9439618650265748e-17, -9.7144515791093847e-16, 0 ],
			[ -5.1902680454572876e-17, 0.99999678529747682, -0.0025356251126631008, 0 ],
			[ 9.7131667466512833e-16, 0.0025356251126631008, 0.99999678529747682, 0 ],
			[ -21.630289077758789, 4.2756154172707284e-10, -3.6247911339160055e-09, 1 ]
		],
		[
			[ -0.99298698695577436, 0.030729283536903629, 0.11416021579255105, 0 ],
			[ -0.031012133811588606, -0.99951876152307428, -0.00070208249682184314, 0 ],
			[ 0.11408370301206637, -0.0042375106712319328, 0.99346210406354496, 0 ],
			[ -2.5691380500793457, -0.01087496243417263, 7.7500629425048828, 1 ]
		],
		[
			[ 0.9964336941672185, 0.078014266515870082, -0.032150697477051286, 0 ],
			[ -0.078055415900270861, 0.99694902147996856, -2.4875068167506519e-05, 0 ],
			[ 0.032050665779447159, 0.0025343224191218369, 0.99948303238872949, 0 ],
			[ 39.048656463623047, -2.1285522961989045e-06, 4.087173408606759e-07, 1 ]
		],
		[
			[ 0.99979321425943735, 0.007505552969533153, 0.018899613631084843, 0 ],
			[ -0.0066005410116307161, 0.99884940596217042, -0.047500495443448476, 0 ],
			[ -0.019234385332953508, 0.047365925343445164, 0.99869239885823835, 0 ],
			[ 35.813175201416016, 0.096712276339530945, -0.039711438119411469, 1 ]
		],
		[
			[ 0.99979321425943735, 0.007505552969533153, 0.018899613631084843, 0 ],
			[ -0.0066005410116307161, 0.99884940596217042, -0.047500495443448476, 0 ],
			[ -0.019234385332953508, 0.047365925343445164, 0.99869239885823835, 0 ],
			[ 18.806438446044922, 0.096712276339530945, -0.039711438119411469, 1 ]
		],
		[
			[ 0.99350801375539033, -0.07219631950423705, -0.087917677709669739, 0 ],
			[ 0.06459061192636853, 0.99415746648361469, -0.086481123292068016, 0 ],
			[ 0.093647634539247682, 0.080241032426824691, 0.99236661434183726, 0 ],
			[ 42.561164855957031, -0.10772927105426788, -0.42920529842376709, 1 ]
		],
		[
			[ 0.0023351023923385839, 0.99999725906883496, -0.00017073849729556178, 0 ],
			[ -0.99999727364461266, 0.0023351024263750242, 2.5503870255917313e-12, 0 ],
			[ 3.9869442969051407e-07, 0.00017073803179578446, 0.99999998542418267, 0 ],
			[ 6.1598434448242188, -13.826420783996582, -0.68060719966888428, 1 ]
		],
		[
			[ 1, 2.9845897340262896e-26, -9.8532295668875858e-16, 0 ],
			[ -2.4984096629092738e-18, 0.99999678529747682, -0.0025356251126631008, 0 ],
			[ 9.8531978916848779e-16, 0.0025356251126631008, 0.99999678529747682, 0 ],
			[ 21.630287170410156, -4.2757397622494864e-10, 3.6248195556254359e-09, 1 ]
		],
		[
			[ 1, -0, 0, 0 ],
			[ 0, 1, -0, 0 ],
			[ 0, 0, 1, 0 ],
			[ 0, -0, 0, 1 ]
		],
		[
			[ 0.0056964961860064278, 0.01011757692866188, 0.99993259001209456, 0 ],
			[ 0.090485973124105279, 0.99584140565415802, -0.010591669015521513, 0 ],
			[ -0.99588143802311468, 0.090540208867901734, 0.0047573079751281888, 0 ],
			[ 15.260848999023438, -4.4175820350646973, 9.4432506561279297, 1 ]
		],
		[
			[ 0.0056964961860064278, -0.01011757692866188, -0.99993259001209456, 0 ],
			[ 0.090485973124105279, -0.99584140565415824, 0.010591669015521513, 0 ],
			[ -0.99588143802311468, -0.090540208867901734, -0.0047573079751286329, 0 ],
			[ -15.2608642578125, -4.4175992012023926, 9.4430942535400391, 1 ]
		],
		[
			[ 1, -0, 0, 0 ],
			[ 0, 1, -0, 0 ],
			[ 0, 0, 1, 0 ],
			[ 0, -0, 0, 1 ]
		],
		[
			[ 0.099201420603880042, -0.3501462801459882, 0.93142721704387588, 0 ],
			[ 0.97334994335049529, -0.16034890593294282, -0.16394546698733742, 0 ],
			[ 0.20675823062156418, 0.92286825217147639, 0.32490802268365815, 0 ],
			[ -33.802913665771484, 3.8282508850097656, 90.569366455078125, 1 ]
		],
		[
			[ -0.98031815915352505, 0.19311538205806209, 0.041021409610274687, 0 ],
			[ 0.19311538205806431, 0.89482025986963543, 0.40249615121067434, 0 ],
			[ 0.041021409610264126, 0.40249615121067545, -0.9145021007161116, 0 ],
			[ 6.7066750526428223, 65.8040771484375, 13.978032112121582, 1 ]
		],
		[
			[ 1, 1.9428902930940239e-16, -1.1102230246251565e-16, 0 ],
			[ -1.9428902930940239e-16, 1, 2.7755575615628926e-17, 0 ],
			[ 1.1102230246251565e-16, -2.7755575615628901e-17, 1, 0 ],
			[ 0, -0, 0, 1 ]
		],
		[
			[ 1, -0, 0, 0 ],
			[ 0, 1, -0, 0 ],
			[ 0, 0, 1, 0 ],
			[ 0, -0, 0, 1 ]
		],
		[
			[ 1, -0, 0, 0 ],
			[ 0, 1, -0, 0 ],
			[ 0, 0, 1, 0 ],
			[ 0, -0, 0, 1 ]
		],
		[
			[ 1, -0, 0, 0 ],
			[ 0, 1, -0, 0 ],
			[ 0, 0, 1, 0 ],
			[ 0, -0, 0, 1 ]
		],
		[
			[ 1, -0, 0, 0 ],
			[ 0, 1, -0, 0 ],
			[ 0, 0, 1, 0 ],
			[ 0, -0, 0, 1 ]
		],
		[
			[ 1, -0, 0, 0 ],
			[ 0, 1, -0, 0 ],
			[ 0, 0, 1, 0 ],
			[ 0, -0, 0, 1 ]
		],
		[
			[ 1, -0, 0, 0 ],
			[ 0, 1, -0, 0 ],
			[ 0, 0, 1, 0 ],
			[ 0, -0, 0, 1 ]
		],
		[
			[ 1, -0, 0, 0 ],
			[ 0, 1, -0, 0 ],
			[ 0, 0, 1, 0 ],
			[ 0, -0, 0, 1 ]
		],
		[
			[ 1, -0, 0, 0 ],
			[ 0, 1, -0, 0 ],
			[ 0, 0, 1, 0 ],
			[ 0, -0, 0, 1 ]
		],
		[
			[ 1, -0, 0, 0 ],
			[ 0, 1, -0, 0 ],
			[ 0, 0, 1, 0 ],
			[ 0, -0, 0, 1 ]
		]
	]
}